*************[Test Scores by Best Val AUC]*************
acc : 0.5666666666666667 ([epoch]134)
auc : 0.5666666666666668 ([epoch]134)
pre : 0.5666666666666667 ([epoch]134)
rec : 0.5666666666666667 ([epoch]134)
fscore : 0.5666666666666667 ([epoch]134)
pre_weighted : 0.5694444444444445 ([epoch]134)
rec_weighted : 0.5666666666666667 ([epoch]134)
fscore_weighted : 0.5622895622895623 ([epoch]134)
hair acc : 0.7777777777777778 ([epoch]134)
