*************[Train Epoch Average Scores by Best AUC]*************
acc : 1.0 ([epoch]140)
auc : 1.0 ([epoch]140)
pre : 1.0 ([epoch]140)
rec : 1.0 ([epoch]140)
fscore : 1.0 ([epoch]140)
pre_weighted : 1.0 ([epoch]140)
rec_weighted : 1.0 ([epoch]140)
fscore_weighted : 1.0 ([epoch]140)
hair acc : 1.0 ([epoch]140)
d : 0.9821428571428571 ([epoch]58)
fscore_weighted : 0.9821428571428571 ([epoch]58)
hair acc : 0.9807692307692307 ([epoch]58)
