*************[Test Scores by Best Val AUC]*************
acc : 0.6666666666666666 ([epoch]33)
auc : 0.6666666666666667 ([epoch]33)
pre : 0.6666666666666666 ([epoch]33)
rec : 0.6666666666666666 ([epoch]33)
fscore : 0.6666666666666666 ([epoch]33)
pre_weighted : 0.669683257918552 ([epoch]33)
rec_weighted : 0.6666666666666666 ([epoch]33)
fscore_weighted : 0.6651785714285715 ([epoch]33)
hair acc : 0.8888888888888888 ([epoch]33)

