*************[Test Scores by Best Val Acc]*************
acc : 0.6 ([epoch]134)
auc : 0.6 ([epoch]134)
pre : 0.6 ([epoch]134)
rec : 0.6 ([epoch]134)
fscore : 0.6 ([epoch]134)
pre_weighted : 0.6 ([epoch]134)
rec_weighted : 0.6 ([epoch]134)
fscore_weighted : 0.6 ([epoch]134)
hair acc : 0.6666666666666666 ([epoch]134)
3333333333333 ([epoch]101)
fscore_weighted : 0.6329254727474972 ([epoch]101)
hair acc : 0.5555555555555556 ([epoch]101)
