*************[Test Scores by Best Val Acc]*************
acc : 0.6333333333333333 ([epoch]42)
auc : 0.6333333333333333 ([epoch]42)
pre : 0.6333333333333333 ([epoch]42)
rec : 0.6333333333333333 ([epoch]42)
fscore : 0.6333333333333333 ([epoch]42)
pre_weighted : 0.6339285714285715 ([epoch]42)
rec_weighted : 0.6333333333333333 ([epoch]42)
fscore_weighted : 0.6329254727474972 ([epoch]42)
hair acc : 0.7777777777777778 ([epoch]42)
