*************[Test Scores by Best Val Acc]*************
acc : 0.7666666666666667 ([epoch]146)
auc : 0.7666666666666667 ([epoch]146)
pre : 0.7666666666666667 ([epoch]146)
rec : 0.7666666666666667 ([epoch]146)
fscore : 0.7666666666666667 ([epoch]146)
pre_weighted : 0.7678571428571428 ([epoch]146)
rec_weighted : 0.7666666666666667 ([epoch]146)
fscore_weighted : 0.7664071190211347 ([epoch]146)
hair acc : 0.8888888888888888 ([epoch]146)
