*************[Test Scores by Best Val AUC]*************
acc : 0.7666666666666667 ([epoch]139)
auc : 0.7666666666666667 ([epoch]139)
pre : 0.7666666666666667 ([epoch]139)
rec : 0.7666666666666667 ([epoch]139)
fscore : 0.7666666666666667 ([epoch]139)
pre_weighted : 0.7678571428571428 ([epoch]139)
rec_weighted : 0.7666666666666667 ([epoch]139)
fscore_weighted : 0.7664071190211347 ([epoch]139)
hair acc : 0.8888888888888888 ([epoch]139)
