*************[Test Scores by Best Val Acc]*************
acc : 0.7333333333333333 ([epoch]106)
auc : 0.7333333333333334 ([epoch]106)
pre : 0.7333333333333333 ([epoch]106)
rec : 0.7333333333333333 ([epoch]106)
fscore : 0.7333333333333333 ([epoch]106)
pre_weighted : 0.7333333333333333 ([epoch]106)
rec_weighted : 0.7333333333333333 ([epoch]106)
fscore_weighted : 0.7333333333333333 ([epoch]106)
hair acc : 0.7777777777777778 ([epoch]106)
