*************[Val Epoch Average Scores by Best AUC]*************
acc : 1.0 ([epoch]134)
auc : 1.0 ([epoch]134)
pre : 1.0 ([epoch]134)
rec : 1.0 ([epoch]134)
fscore : 1.0 ([epoch]134)
pre_weighted : 1.0 ([epoch]134)
rec_weighted : 1.0 ([epoch]134)
fscore_weighted : 1.0 ([epoch]134)
hair acc : 1.0 ([epoch]134)
d : 0.9444444444444444 ([epoch]99)
fscore_weighted : 0.9442724458204333 ([epoch]99)
hair acc : 0.8333333333333334 ([epoch]99)
