*************[Test Scores by Best Val AUC]*************
acc : 0.6666666666666666 ([epoch]134)
auc : 0.6666666666666667 ([epoch]134)
pre : 0.6666666666666666 ([epoch]134)
rec : 0.6666666666666666 ([epoch]134)
fscore : 0.6666666666666666 ([epoch]134)
pre_weighted : 0.669683257918552 ([epoch]134)
rec_weighted : 0.6666666666666666 ([epoch]134)
fscore_weighted : 0.6651785714285715 ([epoch]134)
hair acc : 0.7777777777777778 ([epoch]134)

