*************[Train Epoch Average Scores by Best AUC]*************
acc : 1.0 ([epoch]140)
auc : 1.0 ([epoch]140)
pre : 1.0 ([epoch]140)
rec : 1.0 ([epoch]140)
fscore : 1.0 ([epoch]140)
pre_weighted : 1.0 ([epoch]140)
rec_weighted : 1.0 ([epoch]140)
fscore_weighted : 1.0 ([epoch]140)
hair acc : 1.0 ([epoch]140)
 : 0.9955357142857143 ([epoch]74)
fscore_weighted : 0.99553562531141 ([epoch]74)
hair acc : 0.9902912621359223 ([epoch]74)
3)
